978
524
297
112
570
917
158
750
353
925
106
1
854
623
220
456
962
648
222
699
10
244
578
242
792
831
696
781
711
178
427
379
702
724
491
962
331
340
711
684
955
818
685
808
130
906
955
782
243
176
171
253
110
439
185
902
269
572
373
671
750
800
49
141
524
540
102
545
570
813
228
525
320
603
332
450
198
286
923
131
152
93
74
263
532
260
855
492
522
227
162
271
27
902
102
241
131
204
476
702
707
704
226
27
997
558
167
195
535
89
326
687
873
401
950
405
351
805
897
873
722
749
834
439
650
936
370
781
139
846
482
536
239
398
563
236
957
421
431
181
200
447
868
73
538
508
478
579
2
64
451
724
503
975
163
843
910
223
623
739
69
796
275
308
193
528
544
840
639
665
20
840
803
579
913
30
86
80
610
779
835
751
502
337
726
355
179
325
579
492
64
338
978
29
646
171
557
190
701
196
545
412
726
347
991
638
378
767
718
678
545
242
428
737
579
844
783
448
169
51
940
924
389
608
953
34
779
199
915
169
85
150
581
811
187
571
448
255
27
856
933
572
97
51
1000
366
895
782
504
754
833
134
367
912
742
9
946
520
209
551
379
985
701
961
796
888
221
934
834
249
480
766
821
267
817
820
634
402
291
828
846
814
962
213
725
703
222
361
913
121
912
292
106
302
252
902
880
473
525
713
722
4
169
233
272
986
743
596
77
34
423
614
848
385
827
573
778
739
624
691
861
535
983
657
527
234
248
96
397
773
810
810
468
979
733
740
654
475
25
422
199
138
35
738
213
552
0
992
290
624
682
841
849
664
497
375
588
745
471
675
208
971
484
676
949
216
105
293
382
130
715
271
959
440
8
172
992
8
163
972
632
535
503
480
198
690
545
476
125
707
150
333
677
325
8
316
231
804
299
303
624
13
575
582
143
583
444
134
592
607
796
914
141
298
84
29
989
629
195
113
335
36
136
703
51
835
18
973
638
317
276
952
20
851
533
163
123
978
988
405
274
473
9
106
462
93
135
450
412
21
253
748
57
79
140
799
914
158
771
241
165
46
192
876
587
415
729
711
392
406
806
667
879
815
463
340
908
598
480
320
309
423
758
56
502
898
855
105
746
626
36
601
672
228
476
950
644
895
660
726
300
155
392
178
971
855
209
568
143
379
578
142
803
25
199
995
613
53
791
48
679
827
649
41
55
815
991
389
709
340
114
8
495
197
878
155
51
777
414
885
155
992
718
648
17
917
333
320
970
123
369
339
950
17
70
695
523
60
83
922
400
198
931
585
395
498
431
136
965
845
712
119
526
429
458
233
35
791
554
695
914
923
33
553
630
103
248
152
854
21
74
944
910
695
219
995
883
650
822
847
494
533
656
710
652
113
944
687
594
497
381
507
109
105
751
739
899
689
582
753
400
346
696
310
40
915
304
613
254
125
149
438
348
805
148
690
919
91
376
202
278
448
400
387
553
150
816
451
529
397
894
929
433
590
238
163
194
233
776
449
48
925
887
87
730
34
777
338
816
844
540
93
291
940
170
534
780
987
675
308
73
569
237
507
849
165
670
42
88
136
181
137
60
68
224
480
793
691
508
299
534
48
392
515
678
253
48
148
930
414
456
2
983
383
199
521
239
870
253
327
5
435
464
756
193
378
236
676
69
744
975
293
482
57
809
851
310
547
999
239
961
144
932
633
218
131
844
457
691
97
784
386
222
939
141
415
316
67
781
75
502
756
369
674
813
868
524
813
104
212
742
756
47
673
388
956
494
923
412
184
19
886
260
932
824
402
346
831
159
817
906
661
572
965
335
74
522
549
887
627
452
628
382
189
992
460
144
485
382
246
360
91
131
620
22
956
712
58
786
872
876
381
222
447
36
247
212
558
487
98
875
629
417
256
818
408
717
652
583
789
898
943
881
719
563
593
674
965
342
149
836
217
531
749
354
257
996
566
505
482
355
380
110
772
636
618
870
42
960
452
832
547
395
402
266
648
685
940
612
26
780
138
243
0
887
288
257
882
544
762
54
899
141
164
360
468
473
229
510
122
682
31
670
76
123
936
414
809
565
25
835
344
163
769
34
49
747
291
622
290
744
676
880
885
530
239
42
2
469
553
816
841
274
485
607
398
110
20
206
365
736
731
400
590
499
434
639
936
726
951
226
159
626
105
734
156
34
777
849
193
19
354
33
293
839
330
691
639
350
587
4
86
318
404
676
507
838
4
443
253
646
359
412
271
464
837
117
188
613
657
382
632
10
105
925
540
436
306
178
476
583
873
252
901
276
618
408
805
623
541
57
959
900
160
229
53
997
37
241
299
384
313
931
394
109
545
624
235
541
493
401
124
365
654
715
332
271
813
136
584
353
884
542
252
734
462
996
420
499
928
719
883
931
339
967
39
575
281
965
115
774
366
930
138
19
645
160
981
457
296
565
501
180
797
443
914
258
439
334
447
366
743
19
296
82
677
26
657
958
991
462
731
46
392
559
756
727
720
737
183
706
992
374
576
788
818
490
737
256
514
874
312
947
894
298
28
570
324
375
217
5
838
948
51
920
196
808
646
606
234
519
2
225
894
578
703
401
758
129
657
962
3
659
909
897
957
627
156
972
2
373
977
530
10
718
139
897
215
475
193
449
994
195
364
577
773
67
978
531
887
324
492
890
983
90
476
630
718
632
601
410
4
267
630
705
985
769
602
200
243
795
339
927
680
704
504
452
461
171
673
347
496
856
237
168
946
403
488
353
35
88
763
730
355
392
125
30
160
727
230
93
211
569
20
891
963
214
32
423
385
706
461
571
561
698
430
196
791
918
550
826
697
312
246
51
705
371
81
555
788
1
649
999
261
359
579
223
573
611
337
958
316
798
219
567
185
649
764
976
566
313
492
262
315
738
4
710
799
776
956
276
778
294
274
38
653
543
952
225
153
288
873
160
85
91
417
270
740
871
246
997
874
738
949
189
165
953
589
654
729
544
930
196
838
894
234
180
436
876
95
279
164
969
129
249
750
237
210
180
107
456
176
982
884
124
861
739
768
449
392
496
684
11
382
211
905
616
392
30
491
487
1000
345
145
129
285
896
366
495
766
163
951
632
835
524
446
695
262
213
835
344
399
518
355
781
729
259
86
811
980
268
298
979
613
443
798
898
28
163
392
484
17
32
115
852
556
562
237
508
775
71
852
174
279
206
645
698
465
732
509
134
1000
497
113
302
630
911
200
659
765
282
142
782
315
949
323
561
510
560
69
284
321
921
148
600
818
794
298
973
215
497
107
214
994
220
516
623
130
406
972
895
379
805
366
384
753
690
945
262
249
704
236
571
315
385
861
132
869
849
104
83
345
211
988
338
121
193
652
943
290
623
527
669
427
894
52
870
273
687
131
212
391
368
473
396
443
334
528
1
873
322
84
218
224
762
246
345
645
588
978
935
211
505
293
328
398
345
198
361
723
19
573
804
77
46
199
520
70
417
521
943
429
295
851
653
56
788
689
392
375
666
326
276
170
620
295
258
655
493
619
377
202
883
180
280
929
69
800
689
486
11
321
606
306
172
258
53
650
637
445
24
994
461
992
163
80
286
112
426
469
421
493
671
303
364
641
922
433
441
300
610
142
622
215
138
484
163
191
133
801
326
848
794
788
839
647
558
124
449
674
283
561
167
645
864
531
285
476
964
416
466
263
558
87
478
697
571
642
578
704
132
905
552
616
382
80
953
940
896
402
304
178
963
471
823
516
1
108
682
655
524
148
919
773
926
86
469
497
418
46
891
240
951
132
856
22
213
809
653
108
901
957
977
553
427
800
68
118
598
441
463
812
589
381
584
514
158
52
701
576
790
282
507
430
414
362
453
317
861
105
115
761
752
92
313
178
582
72
987
179
203
449
681
482
521
265
996
369
7
387
945
487
669
451
918
773
504
370
90
364
165
205
816
917
988
819
785
569
581
461
438
784
910
810
265
120
74
952
489
772
338
124
259
697
265
867
469
769
927
249
824
91
455
639
698
132
147
172
392
729
633
830
202
542
329
468
663
403
109
842
866
137
966
815
834
231
681
993
1000
607
242
513
698
387
842
85
519
990
257
911
408
890
431
300
121
760
458
474
854
567
316
719
704
281
533
227
512
213
220
202
510
462
715
898
849
557
983
57
236
930
969
334
509
399
634
630
849
92
795
702
659
801
110
53
81
333
280
284
236
190
176
746
652
581
643
190
137
625
248
63
244
216
397
753
305
722
73
844
814
868
546
162
668
656
215
439
680
186
413
916
376
589
662
28
170
304
909
998
620
156
752
864
62
148
617
57
560
380
902
373
247
137
226
605
483
441
734
162
317
147
78
694
736
740
412
596
43
320
594
353
167
345
217
229
183
524
287
744
904
879
807
841
15
32
135
498
164
869
661
481
15
739
865
442
168
276
37
902
287
631
255
454
666
162
683
850
376
660
283
970
228
780
810
243
813
635
742
667
503
92
838
209
521
703
651
689
669
378
590
956
700
845
409
365
697
783
905
72
132
187
41
361
968
541
604
470
175
35
136
369
818
974
578
338
366
919
26
35
296
307
991
996
842
90
51
539
873
956
301
4
834
343
55
801
574
350
961
750
385
96
118
894
760
386
231
817
304
949
852
290
255
532
977
96
622
27
325
184
983
627
880
816
970
935
306
233
284
266
983
360
52
791
253
503
867
484
9
170
122
861
151
377
82
127
474
395
154
489
579
827
115
458
333
775
83
329
8
367
596
681
417
338
472
670
531
338
845
540
199
967
90
40
34
173
167
198
258
11
687
837
838
803
986
861
577
759
190
275
816
476
957
233
814
118
593
345
146
127
885
35
94
666
75
819
529
242
16
787
253
703
623
782
195
298
642
773
56
522
738
873
998
694
796
812
502
388
847
649
516
421
684
300
86
450
118
615
692
825
401
636
527
715
107
723
703
439
185
450
962
613
12
959
307
808
460
499
886
997
147
91
418
522
81
194
972
199
810
353
714
901
989
241
305
786
654
8
225
529
458
877
141
470
835
138
968
986
638
853
982
475
635
89
997
716
284
968
916
784
11
319
684
1000
560
990
476
904
688
701
122
145
577
955
305
101
783
963
777
420
815
759
586
449
538
582
856
822
240
461
605
251
780
980
941
30
659
416
934
346
807
747
181
383
701
176
175
483
138
952
594
643
400
179
783
939
761
638
450
691
98
746
632
878
725
573
908
383
679
532
729
486
278
600
559
979
776
734
151
914
376
745
556
466
924
338
94
375
976
545
756
73
290
388
642
14
651
549
87
329
80
816
815
358
415
374
26
190
798
178
794
173
923
349
640
537
688
424
602
353
969
357
117
949
435
759
653
85
307
740
105
78
245
610
436
660
984
463
540
472
331
333
645
944
373
975
170
751
399
772
103
57
820
220
6
945
669
349
30
977
89
826
54
334
435
180
685
109
333
915
581
664
939
916
298
311
581
468
752
980
931
855
727
750
766
423
384
434
773
104
100
862
930
845
886
365
25
570
474
358
175
54
713
113
660
10
114
240
168
866
910
98
720
637
538
175
59
923
300
522
26
400
73
957
936
960
11
961
219
485
8
394
229
411
507
889
111
621
129
280
486
729
68
897
365
607
762
115
529
61
637
555
152
711
201
87
360
212
738
579
387
436
974
306
538
480
195
649
792
14
619
968
743
688
864
799
985
316
914
513
377
240
758
219
641
650
997
0
862
424
270
940
861
243
245
88
413
130
427
895
835
46
863
578
424
416
66
408
732
670
611
109
600
58
18
241
708
15
932
260
439
201
199
990
134
444
77
238
265
505
132
99
241
995
367
665
411
433
763
833
102
373
632
703
431
651
634
139
666
565
89
795
457
288
785
281
422
552
519
687
747
652
787
988
336
153
342
437
587
104
270
379
167
902
772
599
242
405
428
598
661
517
393
808
495
868
88
917
109
298
294
857
640
80
534
976
924
877
103
200
671
63
580
839
965
41
437
898
137
555
495
488
71
888
295
256
445
73
172
555
61
156
411
701
236
945
367
160
511
470
360
182
533
630
20
187
362
147
84
499
702
580
987
463
157
972
719
603
44
581
157
106
738
258
497
664
893
864
824
404
333
875
276
556
194
296
744
556
443
828
54
835
97
731
297
255
702
706
548
437
286
395
233
714
653
730
378
235
284
892
329
617
456
605
173
651
591
607
897
724
124
642
558
222
372
545
167
765
250
715
201
227
109
124
941
452
544
8
687
828
901
707
445
356
1
308
697
593
605
594
6
729
235
255
641
297
800
808
61
741
522
953
658
321
76
288
773
621
297
150
138
888
857
583
934
858
581
631
140
185
915
147
605
149
402
245
136
892
53
889
322
265
841
670
587
608
959
49
919
946
890
56
523
746
330
456
294
601
86
124
477
0
962
81
840
53
326
667
636
379
555
958
335
85
318
922
383
276
661
992
912
551
48
434
987
68
890
971
359
667
95
836
357
747
917
888
801
243
554
436
312
799
83
647
884
401
258
958
367
920
949
278
160
687
402
146
755
983
117
805
649
903
640
696
649
557
583
139
490
136
575
492
625
349
830
199
440
778
156
808
387
104
776
547
792
178
694
236
160
501
40
499
403
681
194
742
928
778
882
107
604
146
289
229
495
118
428
936
587
274
433
974
378
899
211
169
767
905
96
927
95
136
115
188
507
310
930
434
778
811
231
71
958
521
991
142
329
108
768
916
382
200
890
761
790
100
620
556
695
716
483
480
543
288
668
49
598
597
174
65
98
95
137
746
616
127
888
946
236
346
861
618
546
440
68
335
230
379
892
615
94
64
94
327
42
762
67
331
49
932
396
838
26
223
583
333
351
160
969
277
506
519
585
743
960
344
768
880
723
349
495
507
103
589
835
146
41
592
477
90
523
563
618
239
787
891
572
137
50
540
104
247
59
689
990
709
32
447
588
445
797
82
953
590
362
477
736
403
68
903
183
591
466
801
830
252
691
92
79
431
632
183
678
381
562
357
89
285
805
368
730
291
450
682
881
812
849
617
905
917
519
87
197
985
578
718
236
268
810
5
700
131
188
67
513
751
425
292
726
229
660
455
520
801
828
400
302
676
707
207
283
226
985
480
901
563
197
828
831
6
833
220
138
712
288
341
462
403
323
878
632
984
332
842
474
850
241
776
216
639
673
499
865
658
979
455
220
176
973
50
182
806
962
10
517
940
41
669
342
365
546
974
38
568
505
202
418
436
978
324
74
651
823
629
999
801
84
218
667
56
959
850
552
920
550
759
859
282
427
891
337
973
554
375
231
58
577
339
495
244
663
569
585
485
889
583
976
973
491
643
719
450
182
962
59
732
720
609
704
147
499
40
810
53
415
40
111
682
69
296
617
732
556
892
216
444
165
192
106
656
835
515
105
16
476
165
438
196
464
142
33
963
182
533
706
288
264
818
660
333
804
967
65
359
859
972
803
23
163
909
369
688
424
475
394
590
330
523
786
794
665
509
446
537
42
152
515
997
660
866
329
463
832
84
823
690
56
625
403
910
224
773
288
338
938
682
928
958
204
404
751
559
603
196
787
645
38
992
331
698
857
661
161
689
435
984
68
491
298
472
401
212
935
379
550
872
60
168
829
956
572
269
204
174
155
681
510
194
673
841
892
529
191
743
217
627
416
286
117
715
448
208
617
72
587
167
634
338
335
152
984
597
421
878
771
266
559
971
150
231
812
733
450
693
475
668
319
892
644
127
296
782
25
603
854
303
770
177
641
795
329
314
81
440
191
853
706
750
513
857
671
14
279
121
708
754
479
717
335
813
844
321
284
560
925
828
863
384
4
193
179
333
507
951
773
698
803
168
138
6
715
809
20
994
620
728
438
789
445
773
601
979
785
575
538
709
402
400
92
406
593
962
739
790
913
201
488
405
370
316
101
84
124
122
78
435
540
516
223
675
979
515
654
763
89
882
161
492
282
945
588
565
596
327
355
198
528
533
294
898
849
395
673
663
517
751
788
748
957
702
422
625
216
766
78
996
648
930
177
620
874
766
184
160
783
229
358
310
452
652
899
991
738
261
344
945
702
131
692
658
833
114
973
739
570
50
735
217
981
602
837
544
367
712
704
149
631
753
150
83
94
739
764
832
1000
107
777
701
239
468
48
762
272
20
501
843
762
926
750
432
527
587
666
895
989
60
734
619
813
884
392
907
312
847
739
311
954
515
702
883
673
750
645
636
461
145
478
222
70
918
344
287
504
9
181
182
69
606
492
882
179
884
479
492
730
217
803
374
422
195
256
785
945
901
420
405
736
588
317
496
506
661
784
700
361
655
883
430
260
374
2
440
948
481
622
368
388
114
432
500
309
688
284
254
279
705
349
14
983
667
511
488
327
294
879
688
949
761
809
900
825
811
29
462
982
651
520
369
765
952
869
74
640
843
18
919
547
367
933
220
33
133
708
51
427
276
429
66
36
237
966
551
738
995
13
409
645
223
778
99
175
336
864
815
179
572
733
416
940
355
326
663
489
725
404
606
0
834
672
728
761
327
278
189
321
982
598
656
205
66
446
380
402
309
885
271
882
307
378
511
352
704
864
841
428
268
137
119
792
809
847
242
827
124
431
147
797
29
494
692
95
940
762
187
939
646
149
510
953
217
711
995
611
575
836
730
533
663
849
324
471
695
256
297
509
688
135
996
407
319
687
192
949
448
379
577
784
218
778
426
435
488
421
737
753
947
466
285
609
314
299
770
699
556
758
207
934
893
203
340
902
580
532
850
719
601
426
502
820
203
929
945
382
39
681
134
986
837
110
284
841
99
53
539
345
811
747
278
393
640
308
294
219
840
834
938
131
951
130
641
844
749
585
916
788
957
50
463
483
851
747
324
950
490
863
986
301
299
263
384
629
572
369
539
101
202
166
232
843
296
563
687
735
148
602
212
795
342
675
277
883
111
291
523
292
845
508
283
143
771
667
463
32
35
1
825
929
167
747
461
154
310
147
889
458
440
101
943
472
466
910
355
268
892
878
560
736
385
843
879
846
199
31
879
926
32
393
854
891
139
314
44
449
152
623
597
282
414
539
754
571
139
799
839
30
366
88
766
751
621
334
287
820
366
856
435
88
248
288
979
387
293
22
837
135
336
433
107
750
663
551
320
492
350
849
212
716
627
978
157
247
1
134
758
57
990
192
146
237
171
124
624
154
838
150
980
173
274
86
923
937
637
934
118
677
782
330
83
99
998
931
346
999
64
794
56
53
987
202
290
848
16
604
1
854
755
671
26
28
757
640
655
83
573
463
761
44
793
844
143
790
774
180
478
528
974
224
581
650
426
561
187
443
164
879
987
609
549
13
327
305
653
672
389
916
134
840
650
927
683
484
406
146
664
575
674
327
799
945
668
225
505
855
358
669
734
344
969
282
47
295
278
390
968
667
305
101
506
646
719
879
129
815
715
483
389
78
810
188
22
477
413
217
332
461
886
65
495
544
37
543
840
315
933
807
672
929
598
868
264
316
746
393
131
150
876
520
919
375
398
941
853
501
157
875
962
734
630
457
277
667
690
807
983
312
303
344
931
902
212
194
908
648
587
729
799
152
249
717
528
647
348
70
148
195
945
800
619
574
947
587
931
326
393
603
639
697
948
569
288
159
454
195
807
731
925
295
884
864
703
101
200
50
171
38
936
806
839
555
69
475
832
1000
802
915
293
130
301
240
699
589
89
843
475
586
574
399
572
147
953
274
248
152
14
109
882
950
605
410
194
674
885
716
363
376
631
656
506
932
586
896
211
365
738
686
642
1
775
213
148
417
177
396
259
191
195
140
831
800
550
716
163
125
431
527
191
752
873
698
374
149
283
275
204
711
961
846
713
425
749
861
842
926
948
100
807
142
932
638
943
171
43
105
296
164
322
488
917
195
876
981
34
849
255
238
559
906
775
271
330
523
132
862
449
770
652
255
912
273
583
544
445
626
650
431
481
662
919
397
857
484
67
581
332
322
820
892
227
594
853
247
807
675
108
946
444
450
201
356
724
474
900
168
791
239
289
271
902
208
358
448
382
425
29
405
437
539
987
664
823
839
911
629
514
709
575
648
849
466
3
572
630
594
430
110
523
720
381
424
618
429
563
690
544
282
94
981
821
80
644
333
920
244
962
123
643
226
771
492
382
465
63
12
58
184
122
271
594
194
696
902
623
949
591
167
230
686
838
50
456
482
73
375
416
34
188
59
952
650
551
333
114
304
35
863
178
158
133
772
42
519
673
665
467
264
522
697
640
360
437
95
532
510
161
948
235
39
697
186
689
247
209
803
552
245
665
730
403
489
192
445
7
865
800
475
819
12
862
148
62
299
935
284
499
786
922
734
825
619
610
514
866
820
6
107
64
362
528
157
851
410
292
858
965
782
22
784
794
885
622
546
874
556
830
372
341
752
106
166
60
406
370
616
225
376
724
980
428
942
827
278
351
118
827
315
901
539
789
384
423
411
931
296
657
450
359
999
892
465
855
952
561
915
568
787
981
982
456
409
923
283
687
964
401
203
969
992
743
448
66
165
859
687
152
205
136
511
894
28
666
438
980
226
352
547
703
333
218
159
742
140
442
118
794
533
12
763
525
755
210
281
610
759
968
452
964
103
963
548
822
318
986
492
235
338
729
938
361
948
787
793
778
919
601
572
452
613
334
667
367
234
948
978
683
915
429
646
708
82
884
220
90
870
712
325
898
440
954
258
77
430
741
856
349
341
427
801
955
451
157
321
685
104
989
367
709
108
703
106
881
277
326
971
146
37
987
734
168
940
992
245
59
422
100
408
763
527
899
717
668
55
729
352
850
407
409
248
205
803
355
85
770
681
56
916
719
42
649
577
672
330
822
421
752
923
830
204
139
418
612
808
164
30
850
704
437
950
953
643
442
998
418
211
678
474
126
86
206
465
663
568
485
485
990
927
97
509
130
236
617
742
734
471
462
584
175
900
533
818
232
975
815
650
185
492
815
1
269
711
156
932
279
641
106
959
567
894
157
697
821
464
129
554
936
591
137
110
180
360
928
412
24
432
753
209
924
257
901
883
968
56
505
937
697
301
585
263
195
432
651
15
897
780
259
832
60
87
632
241
447
249
343
472
681
786
371
294
42
272
177
701
328
682
637
716
983
222
979
868
344
319
573
240
789
833
762
850
920
393
781
366
332
814
528
703
600
900
998
332
171
865
32
189
236
360
905
909
582
574
777
926
583
349
857
372
181
618
912
791
702
692
848
724
505
375
427
795
965
114
818
826
979
850
15
214
209
610
122
481
874
589
97
457
939
954
829
810
261
430
601
653
121
138
377
316
513
494
802
478
608
619
303
586
468
8
490
368
309
302
849
182
892
636
329
520
279
848
329
541
277
620
884
398
758
951
405
962
444
206
129
51
515
122
327
983
131
817
40
130
810
890
312
701
215
642
220
495
179
239
726
457
550
609
545
998
250
950
959
694
846
778
436
360
901
453
33
722
961
73
852
770
653
854
470
559
185
380
53
365
619
779
822
168
77
366
857
327
6
815
712
542
283
838
593
183
290
316
905
250
389
446
19
733
299
179
291
175
559
34
540
869
813
51
727
580
417
583
908
113
88
309
346
371
146
939
554
436
254
148
377
333
284
396
756
273
266
737
448
515
771
988
383
273
38
801
544
146
383
141
950
471
450
986
532
286
924
776
722
868
924
789
892
898
876
337
171
141
74
619
656
535
297
730
499
25
530
42
862
913
183
812
74
323
797
606
609
411
382
20
969
996
810
860
584
685
888
755
516
652
63
171
186
50
901
375
76
430
107
938
33
290
439
107
303
927
403
912
337
475
933
305
161
742
856
745
116
743
499
632
394
252
493
270
303
394
336
379
514
443
6
547
424
446
344
727
372
438
639
399
603
571
394
764
2
249
508
809
682
697
440
766
640
933
727
943
16
62
11
531
505
708
768
929
844
803
656
215
931
985
304
533
555
699
297
247
638
495
55
10
883
185
776
522
117
192
464
825
254
165
45
450
873
503
68
717
996
724
622
926
398
927
459
953
315
446
890
953
631
635
963
513
820
429
34
628
621
188
452
566
353
497
15
917
690
774
323
686
188
635
611
586
251
760
229
566
896
118
209
527
754
862
39
263
290
765
891
602
953
32
858
997
219
563
603
910
336
926
595
524
250
896
110
502
346
339
67
241
147
967
458
591
829
498
855
809
953
435
100
905
468
958
591
687
520
193
596
547
809
881
70
59
467
871
561
813
900
318
53
47
285
202
638
804
700
182
612
652
618
713
246
85
360
838
462
571
721
58
117
220
629
878
279
95
749
530
598
338
538
652
385
513
854
714
316
243
896
619
585
203
21
521
288
381
48
751
642
770
499
759
990
818
327
959
914
766
178
201
103
716
543
489
920
86
893
235
329
788
544
604
992
565
125
970
637
173
410
278
633
909
728
312
417
54
270
20
820
138
221
923
855
765
101
774
851
994
699
180
472
243
474
153
498
289
122
134
153
533
103
786
131
831
789
548
575
749
568
84
888
790
697
432
554
799
896
94
482
284
965
954
217
439
106
716
728
920
540
571
142
643
47
273
163
836
512
428
584
770
512
161
249
900
593
493
698
488
588
179
773
552
824
990
991
620
395
409
539
936
980
681
268
26
645
122
552
847
550
827
616
753
988
866
342
581
358
39
759
946
909
221
188
422
902
178
42
987
277
581
922
948
953
881
664
287
2
216
133
242
42
749
685
29
304
26
300
353
756
750
989
665
661
176
777
562
45
819
549
322
90
160
269
42
731
624
329
423
840
152
666
882
591
40
601
896
67
592
939
823
341
927
177
692
794
955
254
839
463
493
851
553
343
811
285
74
434
304
497
964
456
853
535
47
894
135
633
651
417
261
473
448
878
341
140
671
986
84
199
448
577
741
692
610
551
977
374
675
281
562
638
737
414
172
474
998
998
797
648
415
57
812
553
936
152
693
606
828
777
496
966
43
236
657
654
477
634
718
151
605
279
789
31
694
651
506
381
648
302
29
753
50
841
306
986
683
689
281
510
466
777
475
199
12
132
853
489
456
571
330
751
540
809
782
233
459
287
615
798
280
334
240
330
174
236
5
857
926
286
56
391
754
221
590
766
353
133
946
499
394
966
249
934
775
722
858
924
699
162
411
979
496
652
999
360
888
694
907
813
981
963
894
734
874
174
189
918
998
825
416
391
481
356
14
255
77
562
869
776
724
280
445
910
932
133
960
819
828
866
322
498
518
906
231
392
79
110
309
76
626
415
157
106
771
172
51
538
424
920
314
839
199
449
748
130
582
398
640
409
263
652
907
472
557
828
554
327
629
553
403
945
968
251
50
429
113
792
657
537
711
661
375
911
109
814
731
692
211
60
791
164
402
388
326
960
906
880
977
534
432
379
478
90
630
218
209
433
9
556
971
411
217
345
11
326
158
742
708
59
493
189
224
895
577
550
544
482
120
520
707
242
590
875
332
910
784
231
343
793
788
313
894
695
348
905
20
197
337
419
256
830
298
170
414
875
721
649
46
841
168
443
82
448
318
105
48
101
26
391
584
504
394
478
198
432
382
910
629
719
328
576
238
626
746
653
190
156
301
927
687
159
370
460
298
378
255
346
479
281
737
753
476
821
230
674
252
303
583
572
712
601
147
951
917
583
293
797
430
284
724
116
443
784
576
431
161
521
777
330
493
203
82
969
23
3
642
276
306
916
538
708
516
685
658
433
958
951
229
387
925
643
504
368
426
770
799
587
982
266
607
474
469
380
442
493
383
83
459
379
999
997
86
205
371
435
638
328
75
557
406
0
200
600
368
626
369
857
904
350
122
200
514
282
580
956
775
653
730
924
31
418
920
809
623
981
243
951
999
318
508
404
318
398
3
376
714
63
924
617
103
736
508
618
17
87
573
482
741
993
405
462
411
14
270
33
995
203
675
684
522
182
87
530
270
782
907
984
535
520
291
638
255
799
946
964
886
519
445
316
201
541
779
612
555
739
336
240
943
10
924
154
883
701
684
152
172
280
826
707
800
116
345
746
915
981
709
491
499
153
807
391
694
275
2
940
14
28
179
647
729
793
801
301
493
174
453
666
455
970
62
254
85
97
1000
0
78
398
491
267
242
988
658
936
263
661
565
968
379
744
614
108
536
104
409
720
278
553
75
733
522
137
678
607
235
367
607
3
766
788
270
7
776
929
633
38
279
198
696
658
632
1000
766
859
103
866
578
71
418
343
495
630
480
172
236
405
539
534
98
995
11
369
1
787
297
325
515
266
523
210
924
845
209
380
703
2
245
280
74
353
313
569
983
484
431
909
579
660
132
678
655
144
46
346
931
33
671
136
299
884
36
222
729
246
292
431
939
537
402
703
580
715
962
252
889
392
161
468
52
293
145
397
437
191
433
58
224
104
194
523
678
921
435
96
166
728
528
796
955
620
498
535
24
460
787
914
542
638
381
594
622
216
681
58
407
114
807
321
909
691
844
586
612
969
683
468
696
901
954
651
210
452
876
234
602
352
838
143
991
909
428
612
124
108
360
221
222
858
542
821
238
75
407
540
44
780
8
430
680
962
771
580
103
336
814
705
689
342
539
369
250
967
671
65
765
721
286
678
578
829
498
507
594
595
46
328
374
54
759
744
707
219
323
500
556
828
205
244
169
434
613
109
90
974
174
855
694
151
222
963
670
721
469
263
5
515
592
380
260
40
814
657
259
137
156
815
655
51
58
824
485
361
623
265
24
488
811
719
639
32
371
308
443
840
261
449
44
543
519
995
583
332
341
533
159
498
347
814
239
96
327
725
147
951
680
172
128
490
581
767
523
952
765
656
791
25
104
525
259
313
210
842
646
551
374
805
48
412
619
288
508
946
703
345
586
382
517
714
563
97
170
85
48
935
431
529
651
536
745
600
849
955
441
184
505
506
990
244
918
298
532
115
934
925
460
210
997
668
924
559
765
785
334
504
409
766
723
750
992
467
349
530
111
791
715
617
987
394
861
594
692
82
709
315
6
859
525
2
526
139
562
982
924
896
175
22
351
898
773
342
55
121
873
166
602
277
473
278
671
333
872
52
105
270
367
111
129
583
114
345
722
366
326
335
952
191
357
303
780
129
645
835
942
207
691
233
484
855
512
154
878
383
897
984
654
264
94
783
537
899
818
258
955
144
283
907
335
640
900
114
460
234
639
91
442
20
324
926
875
836
771
442
219
667
425
563
621
210
35
157
799
853
105
754
687
388
350
22
719
249
827
178
173
156
269
615
867
593
231
431
119
1
873
28
358
298
591
980
508
626
827
306
168
933
750
856
320
99
568
38
38
84
907
212
240
175
517
797
459
748
227
268
439
100
296
798
88
887
467
286
202
293
282
370
225
723
916
546
822
483
274
551
568
181
453
498
46
970
295
195
718
212
463
847
2
759
644
90
335
110
66
537
94
39
598
319
762
513
555
273
687
520
824
254
701
967
442
437
937
737
633
344
640
786
190
642
235
835
733
570
635
489
798
729
528
85
739
289
598
293
253
975
813
767
919
203
734
361
331
670
788
654
704
427
439
894
69
674
418
492
935
744
981
732
472
199
817
210
488
104
194
431
79
697
198
998
901
932
48
231
291
837
885
995
954
13
578
22
378
997
204
312
740
185
43
902
384
550
803
562
654
687
994
423
383
882
111
974
503
159
895
794
686
469
478
330
483
55
352
861
742
557
863
171
432
906
764
506
145
566
758
799
252
751
913
325
322
23
299
825
873
193
308
249
353
786
579
836
532
621
386
964
868
248
135
299
844
899
805
679
154
253
477
406
694
79
421
16
102
720
841
666
604
149
915
957
625
493
482
156
113
558
120
982
496
946
971
339
534
466
17
688
719
184
784
412
264
204
428
56
615
960
722
218
108
326
865
423
819
346
270
623
904
390
294
399
25
264
428
559
730
135
246
448
9
29
551
964
924
979
20
538
628
432
756
426
759
620
850
267
656
119
890
559
199
183
958
224
138
75
783
558
210
719
697
220
438
247
183
361
916
894
900
544
326
345
970
775
966
819
41
621
628
622
871
827
495
518
50
633
594
523
191
804
932
888
714
369
825
588
731
740
481
630
283
497
975
253
271
630
762
3
942
390
315
812
216
810
329
958
133
613
170
14
107
102
592
821
471
416
408
201
846
580
521
129
76
496
72
38
816
834
732
757
914
46
258
130
546
278
778
369
891
948
383
998
49
665
509
521
771
607
412
617
186
934
746
954
119
818
682
935
341
413
382
255
149
640
75
695
608
853
64
499
490
137
496
540
803
4
60
573
612
162
189
488
95
625
441
214
132
813
840
164
225
912
419
64
241
184
760
850
727
514
348
216
341
534
756
143
229
506
407
531
669
286
18
454
912
150
359
43
963
198
898
879
800
316
633
40
190
82
890
917
596
237
133
938
772
579
771
691
776
868
221
134
154
239
588
65
79
947
799
733
835
697
301
634
703
934
675
584
16
564
500
302
492
323
930
263
593
391
954
368
258
865
502
412
794
89
167
874
727
657
296
561
353
597
886
746
220
560
329
927
814
520
229
305
843
849
258
125
239
902
493
498
766
685
600
560
465
768
123
191
424
419
442
467
706
17
212
926
267
232
853
81
752
772
76
284
620
335
410
550
927
593
47
693
969
337
943
433
104
65
314
218
484
446
685
880
464
588
495
421
510
37
502
261
809
269
235
119
294
335
669
220
619
406
603
587
743
545
710
538
300
23
756
474
159
131
353
313
409
849
735
919
886
927
870
385
195
795
504
489
821
172
400
439
268
693
716
10
238
425
238
538
138
685
12
297
506
55
611
915
904
345
523
480
271
82
865
157
567
368
336
387
230
426
516
498
119
231
198
357
346
437
585
484
121
287
472
317
343
82
231
246
117
444
726
388
216
590
235
473
648
572
861
878
998
66
65
116
989
264
163
334
391
439
509
202
726
981
519
68
62
440
5
870
574
421
257
790
11
183
953
349
445
813
918
442
570
983
249
558
937
102
892
17
541
90
910
267
70
428
335
823
558
30
692
131
452
640
611
153
823
564
502
267
66
419
399
636
92
338
884
719
441
776
737
982
556
646
939
627
765
965
139
322
995
832
144
446
471
445
599
984
699
101
941
766
210
339
91
993
678
976
712
809
441
138
480
997
784
419
313
238
383
453
251
377
975
85
824
135
530
422
118
920
213
749
685
424
778
466
416
455
131
818
954
262
956
434
259
430
853
262
668
926
405
919
302
379
3
816
514
224
929
322
143
141
70
518
255
849
674
362
994
806
179
638
67
135
71
16
565
614
279
923
539
374
532
531
754
225
347
958
449
275
280
282
106
40
800
362
579
164
724
263
970
593
901
727
728
662
744
983
275
713
596
504
86
127
725
530
352
71
488
802
36
458
774
143
188
264
505
768
428
919
721
87
511
621
814
930
973
247
602
938
650
197
131
427
324
856
957
677
928
444
168
654
592
942
797
781
205
992
548
323
600
268
410
802
579
224
731
551
471
22
178
812
220
309
238
234
164
194
601
782
329
459
436
921
401
923
701
296
915
939
620
204
897
29
5
475
944
736
716
415
449
584
226
359
893
154
593
57
348
885
529
677
343
965
598
434
578
989
731
492
928
40
696
824
760
392
990
704
818
395
809
266
980
725
625
562
879
909
309
226
793
839
594
826
493
191
260
70
870
681
252
797
721
639
311
170
30
991
874
848
75
682
114
54
406
429
307
284
337
616
201
820
454
795
646
948
676
596
708
545
967
961
32
377
599
343
547
629
23
421
476
98
102
280
844
199
710
150
483
46
766
374
557
911
168
893
548
844
488
255
389
454
215
421
831
814
454
67
132
477
488
609
265
591
889
108
480
288
258
653
335
715
27
582
315
195
474
863
730
652
808
118
796
714
229
316
217
373
383
350
540
872
649
805
152
227
914
632
516
862
284
541
266
1
122
581
197
596
443
927
938
942
735
733
655
654
48
872
26
121
221
566
993
560
60
835
788
664
156
303
526
131
844
792
132
966
63
19
251
196
636
879
137
60
611
792
714
349
354
740
470
265
996
153
826
747
678
613
410
525
606
626
656
449
108
478
104
171
188
45
367
824
924
195
885
224
987
598
263
30
28
423
296
714
266
812
150
945
114
561
469
720
877
815
859
985
983
653
846
170
388
904
995
311
98
569
225
775
857
488
806
885
911
792
289
177
603
439
812
407
690
971
817
567
475
675
241
457
17
87
628
405
991
312
406
779
881
321
553
737
809
358
312
409
840
291
276
132
420
87
539
110
748
355
367
913
720
298
370
427
75
688
522
756
1000
928
534
570
248
87
997
747
135
999
156
666
289
122
798
710
901
27
510
648
382
567
561
793
555
621
910
631
308
432
76
998
49
611
257
989
388
253
735
213
943
581
879
231
704
677
631
294
704
831
632
776
87
883
258
643
503
168
273
501
600
349
188
339
650
445
327
37
389
753
942
21
333
820
943
727
186
574
711
890
94
343
356
182
225
614
825
419
472
788
920
762
136
799
101
477
934
428
204
12
180
145
33
204
966
977
621
151
240
332
732
334
675
87
516
590
391
30
8
864
818
619
625
645
107
726
121
40
845
325
53
715
471
777
919
126
443
230
277
683
562
699
708
927
786
914
516
177
945
215
40
762
524
355
96
631
81
217
671
616
233
414
330
394
882
249
520
324
169
487
7
731
186
715
347
662
318
553
529
262
458
259
715
982
615
811
612
386
719
974
1
642
77
331
35
959
270
555
283
439
732
981
860
918
385
206
270
703
450
799
656
908
58
370
890
673
871
191
58
279
855
59
921
933
80
956
581
41
200
554
480
623
224
30
230
609
927
500
2
376
299
658
284
47
718
864
720
278
745
468
558
600
217
478
532
297
124
803
338
14
357
509
327
581
539
558
881
465
57
573
532
46
921
506
93
638
369
503
916
113
661
163
713
878
332
935
866
146
428
894
851
785
92
178
55
321
736
626
787
483
198
8
220
118
514
3
446
883
507
52
686
858
215
89
426
547
714
291
383
141
875
234
616
968
412
672
288
147
297
765
320
186
463
540
304
977
544
751
549
741
803
235
598
708
14
23
946
728
4
328
560
880
562
175
537
974
537
515
811
525
971
131
711
433
671
14
410
214
455
959
645
948
884
243
656
588
957
601
316
962
929
566
531
491
741
67
154
278
582
966
803
242
96
513
676
457
217
85
672
363
734
316
310
308
249
966
896
206
566
902
167
185
467
388
676
899
455
520
867
727
485
359
970
271
562
335
729
779
110
90
141
534
96
452
842
346
107
428
242
364
19
99
549
177
487
915
75
942
434
942
358
610
300
17
881
552
352
609
330
462
699
162
997
796
304
528
832
101
956
73
465
666
172
13
843
349
618
918
290
52
549
338
662
539
356
232
90
708
842
110
861
230
272
547
716
266
74
237
368
721
0
833
386
172
537
228
521
845
145
501
897
384
840
248
923
886
171
703
283
703
813
143
933
776
690
339
732
455
576
99
175
577
623
561
439
850
789
651
694
624
842
281
7
371
219
620
256
390
322
540
92
825
373
716
600
754
54
332
208
320
121
383
897
434
944
26
283
422
677
978
45
518
949
743
580
167
362
836
248
684
65
30
508
129
746
799
883
800
130
781
811
942
163
707
376
797
733
659
218
99
326
263
308
965
696
888
132
57
723
70
431
479
100
939
608
847
427
180
336
557
961
146
189
123
544
565
610
967
223
828
66
240
781
374
204
476
261
26
223
674
96
654
843
888
592
450
424
19
630
450
266
280
287
455
93
831
710
703
797
624
220
553
864
0
617
758
166
878
785
389
242
571
42
84
148
325
225
572
34
545
713
300
826
1000
446
919
830
155
312
316
779
532
560
332
533
176
781
389
745
565
779
677
826
511
761
665
836
986
236
560
221
949
551
46
638
997
655
467
842
967
474
311
499
724
333
722
900
113
110
334
368
579
10
885
781
772
549
306
447
475
867
668
114
417
404
752
103
59
219
945
25
383
946
214
106
279
936
696
82
737
30
451
5
40
335
786
502
574
92
950
48
649
307
162
65
712
915
168
461
824
803
176
897
439
391
693
408
16
388
490
753
108
631
449
149
656
234
651
229
16
290
278
665
288
130
420
690
44
278
150
558
772
326
454
210
407
146
308
424
225
798
867
333
119
315
482
775
550
824
4
256
804
973
612
782
793
31
471
838
0
621
395
772
638
540
672
735
686
980
158
601
777
25
935
896
30
106
361
270
930
55
527
424
27
829
205
820
860
367
347
860
988
433
321
315
973
993
50
348
972
899
950
439
614
574
24
645
680
385
915
300
440
131
724
157
960
619
668
510
986
705
59
664
137
381
669
800
63
409
839
35
308
478
164
922
51
188
256
421
264
862
721
394
993
134
552
643
754
910
843
429
614
902
783
442
973
452
932
36
551
460
762
859
628
926
471
369
113
727
791
67
588
511
462
271
646
13
604
89
613
446
518
917
37
992
358
10
133
981
737
684
440
498
543
759
113
704
127
226
430
918
294
709
429
756
670
74
459
273
163
762
409
371
678
136
362
36
837
495
707
573
870
837
761
412
595
874
806
723
791
235
640
775
634
68
220
303
833
369
266
996
130
675
57
808
812
419
534
648
605
240
912
474
77
672
576
362
236
381
84
26
306
725
801
941
483
20
243
316
389
510
1
519
875
58
16
376
168
551
24
773
481
626
937
248
988
512
611
223
893
385
249
198
800
740
829
283
760
72
289
839
272
981
47
146
730
64
523
898
305
237
360
786
863
296
34
850
808
335
764
390
720
12
278
520
753
107
493
202
179
472
732
141
452
469
287
181
533
500
769
528
737
128
314
289
424
38
830
922
63
593
311
473
605
280
683
47
387
175
941
256
337
672
397
790
140
374
661
364
875
430
582
301
248
586
591
363
314
420
284
377
703
286
851
998
566
533
45
953
399
676
899
736
37
295
215
177
669
567
231
233
687
814
535
935
399
816
297
714
926
272
781
628
558
321
625
123
855
360
766
944
35
664
369
72
649
585
941
317
151
862
241
528
365
776
462
455
281
450
859
206
722
639
834
970
651
458
783
195
509
548
138
234
902
507
998
550
782
938
557
623
489
798
150
545
263
303
1000
544
443
858
750
855
186
583
824
837
732
606
31
931
844
860
164
745
57
161
294
839
789
541
152
278
339
993
823
602
295
512
837
738
59
586
592
245
860
105
773
281
711
494
211
244
354
65
989
101
227
973
630
706
514
782
984
543
775
496
835
69
698
671
498
757
948
780
693
807
886
465
778
286
649
679
531
693
744
209
794
661
873
424
367
76
205
40
619
670
227
143
430
925
815
928
682
452
397
374
258
282
529
726
569
177
404
790
561
838
999
354
499
561
468
556
637
674
596
946
33
823
89
463
438
594
80
119
45
478
183
994
760
712
409
18
579
813
498
139
340
187
184
839
748
652
394
75
15
681
711
49
193
800
512
631
83
283
750
819
761
623
812
210
24
220
920
604
723
417
433
63
604
617
592
42
269
677
117
975
47
828
23
240
318
226
872
401
509
311
911
269
935
722
169
959
633
88
252
45
196
686
799
800
993
81
842
952
448
649
927
495
167
950
735
485
866
296
576
374
608
486
333
232
899
193
190
221
281
133
266
167
509
756
658
501
837
189
143
284
839
69
469
5
709
894
180
265
190
756
639
488
933
663
720
521
856
600
742
827
733
698
995
241
453
652
433
980
841
576
954
369
335
112
64
734
6
244
999
196
691
328
684
623
991
93
834
536
693
575
362
116
963
356
357
106
698
480
85
229
746
730
598
80
842
663
505
848
597
193
734
287
521
107
600
201
891
433
737
584
698
790
700
661
145
747
767
534
227
542
453
663
962
50
744
804
403
939
341
691
822
766
978
343
873
268
234
764
701
662
37
399
451
427
750
286
864
516
820
781
748
272
444
710
13
878
203
106
816
544
797
637
1000
465
670
873
733
595
326
123
256
53
212
397
170
962
683
33
167
193
815
916
155
258
625
859
135
828
966
641
61
452
968
61
607
328
624
29
923
640
844
869
383
55
265
553
708
948
586
875
140
90
480
987
38
795
845
864
622
500
504
374
953
162
435
249
490
749
970
412
388
813
971
771
558
235
323
265
182
599
831
13
690
310
1000
728
105
534
592
417
34
786
791
677
948
916
926
127
664
895
229
51
397
199
512
956
434
525
220
307
124
741
10
814
742
700
231
537
233
823
954
267
299
435
944
246
40
560
64
705
454
293
446
852
493
959
807
927
483
717
924
297
148
934
801
890
633
32
426
867
545
69
824
844
194
768
781
235
327
845
630
471
137
75
12
320
724
509
247
898
226
861
194
64
795
686
954
117
718
69
984
262
829
808
797
714
265
267
949
282
111
578
753
939
343
766
259
758
274
196
655
190
56
539
254
851
224
898
659
632
657
642
585
176
139
381
890
94
648
838
376
449
105
129
387
448
895
336
205
859
532
550
49
279
780
303
820
694
892
478
326
548
811
911
724
640
982
613
735
629
140
110
77
245
930
154
384
514
181
279
373
713
520
422
992
299
415
812
683
306
980
8
545
790
609
959
430
590
262
164
909
402
965
676
338
895
831
722
98
11
0
471
414
520
583
96
509
